228,277,363,277,363,416,228,416,Displayed_Configurable
276,60,339,60,339,121,276,121,Displayed_Programmable_Device
1200,414,1321,414,1321,539,1200,539,Pressure_Controller
657,274,804,274,804,405,657,405,Level_Alarm
1108,220,1180,220,1180,292,1108,292,Programmable_Indicator
1405,216,1536,216,1536,350,1405,350,Analyzer_Transmitter
1425,690,1517,690,1517,772,1425,772,Level_Transmitter
436,307,505,307,505,372,436,372,Level_Indicator
738,727,850,727,850,844,738,844,Specialty_Item
452,759,596,759,596,899,452,899,Flume_Meter
1238,854,1355,854,1355,973,1238,973,Indicator_5
